{
  "upper_limit": 0.001,
  "lower_limit": 0.0000000001,
  "step": 0.000000001
}